======================================================================
    CICADA 3301 LIBER PRIMUS DECRYPTOR - ULTIMATE EDITION
           25+ Cipher Methods | Gematria Analysis
======================================================================

[1] CONVERTING RUNES TO LETTERS...

Alphabetic text (first 500 chars):
Delimiters                                   Rune Value to Alphabetic letter value via Gematria Primus            Rune Value To Letter Value Via Gematria Primus
Word     :                                                          #
Clause   : .                                                        #
Paragraph: 
                                                        #
Segment  :                                                          #
Chapter  :                                                 ...

----------------------------------------------------------------------
[2] GEMATRIA PRIMUS ANALYSIS
----------------------------------------------------------------------

=== GEMATRIA PRIMUS ANALYSIS ===
Total runes: 15755
Decimal sum: 221708
Prime sum: 809233
Decimal average: 14.07
Prime average: 51.36

Decimal value frequency:
  24: 618 times
  18: 618 times
  13: 614 times
  10: 592 times
  15: 587 times
  28: 581 times
  16: 574 times
  1: 572 times
  27: 571 times
  3: 571 times

Prime value frequency:
  97: 618 times
  67: 618 times
  43: 614 times
  31: 592 times
  53: 587 times
  109: 581 times
  59: 574 times
  3: 572 times
  107: 571 times
  7: 571 times

----------------------------------------------------------------------
[3] PRIME NUMBER ANALYSIS
----------------------------------------------------------------------

=== PRIME NUMBER ANALYSIS ===
Prime values: 15755 (100.0%)
Non-prime values: 0 (0.0%)
Fibonacci primes found: [89, 89, 5, 89, 89, 13, 13, 5, 89, 5, 13, 2, 13, 13, 89, 89, 89, 13, 13, 89, 13, 3, 2, 13, 3, 2, 13, 13, 89, 2, 2, 3, 3, 13, 89, 2, 13, 13, 5, 2, 13, 13, 5, 13, 13, 3, 13, 2, 13, 13, 2, 3, 5, 2, 5, 2, 2, 5, 2, 3, 5, 5, 89, 13, 89, 13, 3, 2, 3, 89, 3, 3, 2, 3, 3, 2, 3, 13, 89, 2, 3, 2, 5, 5, 13, 3, 13, 5, 5, 2, 13, 2, 13, 2, 89, 5, 13, 89, 5, 2, 3, 13, 13, 89, 5, 3, 89, 13, 89, 13, 5, 89, 5, 3, 2, 2, 3, 89, 13, 13, 3, 2, 3, 3, 89, 3, 2, 3, 5, 13, 3, 13, 2, 89, 2, 5, 2, 89, 13, 3, 89, 89, 3, 13, 89, 2, 2, 3, 2, 89, 2, 89, 13, 3, 2, 13, 89, 13, 3, 89, 13, 3, 89, 89, 3, 13, 89, 89, 2, 2, 3, 89, 5, 5, 2, 89, 13, 3, 89, 13, 3, 2, 89, 13, 3, 89, 89, 3, 13, 89, 5, 3, 2, 2, 3, 89, 5, 13, 89, 89, 3, 2, 13, 13, 3, 89, 13, 3, 89, 13, 3, 89, 89, 3, 13, 89, 2, 5, 5, 2, 3, 89, 2, 5, 3, 89, 13, 13, 2, 13, 89, 13, 3, 89, 13, 3, 89, 13, 3, 89, 89, 3, 13, 89, 2, 89, 3, 89, 3, 2, 5, 13, 2, 13, 89, 5, 5, 5, 3, 2, 2, 13, 3, 3, 13, 3, 5, 3, 3, 2, 89, 13, 5, 2, 89, 3, 5, 13, 13, 3, 2, 13, 13, 13, 5, 3, 13, 13, 3, 5, 2, 89, 3, 13, 3, 13, 3, 3, 13, 13, 3, 3, 5, 2, 5, 5, 89, 13, 89, 3, 3, 5, 3, 3, 3, 3, 13, 13, 89, 3, 89, 5, 5, 13, 3, 3, 3, 5, 13, 3, 3, 13, 2, 5, 3, 5, 5, 5, 89, 13, 5, 5, 3, 89, 13, 2, 89, 5, 13, 89, 2, 13, 89, 5, 5, 3, 89, 5, 5, 3, 2, 13, 3, 3, 89, 89, 13, 5, 3, 3, 3, 89, 5, 3, 3, 89, 3, 89, 5, 3, 13, 13, 89, 3, 89, 89, 5, 3, 3, 13, 3, 89, 3, 2, 5, 3, 89, 5, 89, 2, 89, 3, 2, 89, 13, 89, 89, 13, 89, 13, 13, 13, 2, 13, 13, 13, 13, 3, 3, 89, 2, 13, 5, 13, 89, 13, 3, 5, 13, 89, 3, 3, 13, 3, 5, 5, 13, 89, 89, 3, 13, 13, 5, 89, 13, 3, 3, 5, 89, 3, 2, 2, 3, 3, 5, 5, 5, 13, 5, 2, 13, 5, 2, 5, 3, 5, 5, 89, 2, 2, 2, 3, 3, 5, 5, 2, 13, 5, 3, 13, 2, 5, 5, 5, 89, 13, 89, 2, 5, 89, 5, 89, 2, 2, 2, 2, 89, 89, 89, 3, 3, 13, 3, 2, 2, 89, 3, 89, 13, 5, 89, 5, 2, 2, 2, 13, 5, 13, 2, 13, 5, 3, 2, 5, 5, 13, 2, 13, 5, 13, 13, 13, 2, 89, 3, 89, 13, 13, 5, 2, 89, 89, 13, 5, 3, 2, 89, 13, 13, 89, 13, 2, 3, 5, 2, 2, 2, 5, 3, 3, 89, 89, 3, 5, 3, 2, 89, 89, 2, 89, 5, 89, 5, 13, 5, 89, 2, 13, 2, 89, 2, 13, 2, 3, 13, 89, 3, 89, 89, 5, 13, 13, 89, 13, 5, 5, 89, 13, 3, 2, 89, 3, 3, 13, 5, 3, 2, 2, 89, 13, 2, 5, 2, 5, 13, 13, 89, 13, 89, 89, 5, 89, 13, 5, 3, 5, 89, 2, 13, 13, 5, 13, 89, 2, 89, 13, 2, 3, 13, 2, 13, 3, 13, 3, 2, 3, 3, 89, 2, 13, 5, 3, 5, 2, 5, 5, 13, 2, 13, 5, 13, 13, 5, 13, 2, 5, 3, 5, 3, 3, 89, 13, 89, 5, 13, 3, 2, 5, 3, 2, 13, 89, 13, 3, 89, 2, 89, 5, 89, 89, 2, 2, 2, 89, 13, 3, 13, 5, 89, 5, 5, 5, 3, 13, 3, 89, 2, 3, 13, 2, 5, 89, 13, 3, 2, 89, 3, 3, 3, 13, 89, 89, 13, 3, 13, 13, 13, 89, 5, 89, 89, 5, 89, 2, 13, 89, 3, 89, 13, 13, 89, 3, 2, 5, 3, 13, 89, 2, 89, 3, 3, 3, 5, 13, 3, 13, 13, 3, 2, 5, 13, 89, 5, 13, 13, 13, 89, 13, 13, 5, 5, 3, 5, 3, 89, 89, 3, 89, 5, 13, 13, 13, 13, 13, 89, 5, 13, 3, 13, 5, 13, 3, 2, 89, 89, 5, 5, 3, 5, 3, 3, 3, 89, 3, 5, 13, 13, 13, 2, 5, 13, 3, 2, 2, 2, 3, 2, 13, 2, 5, 3, 3, 89, 5, 2, 89, 3, 89, 2, 5, 89, 89, 2, 5, 5, 5, 3, 5, 2, 2, 13, 89, 89, 13, 2, 89, 5, 13, 13, 3, 13, 5, 2, 2, 89, 89, 13, 2, 3, 13, 89, 2, 5, 5, 5, 2, 89, 3, 3, 5, 2, 89, 5, 13, 3, 3, 5, 89, 3, 89, 5, 2, 89, 5, 89, 89, 2, 3, 5, 3, 3, 13, 89, 13, 89, 3, 3, 5, 13, 2, 5, 3, 2, 5, 2, 2, 89, 5, 89, 5, 13, 5, 3, 13, 13, 89, 3, 2, 13, 3, 13, 5, 2, 2, 3, 13, 13, 2, 3, 5, 5, 3, 2, 13, 3, 3, 13, 2, 5, 13, 2, 13, 2, 2, 13, 3, 13, 89, 2, 13, 89, 13, 5, 5, 3, 5, 13, 13, 3, 3, 89, 2, 3, 5, 5, 5, 2, 2, 5, 3, 89, 2, 3, 13, 3, 3, 13, 2, 89, 5, 89, 89, 5, 3, 13, 3, 13, 13, 5, 13, 3, 3, 5, 3, 13, 89, 2, 13, 2, 13, 3, 2, 3, 2, 5, 89, 2, 5, 2, 2, 3, 13, 2, 2, 13, 5, 3, 89, 3, 13, 3, 3, 5, 13, 5, 89, 2, 2, 2, 13, 5, 2, 13, 3, 2, 3, 2, 2, 2, 3, 5, 3, 5, 2, 2, 13, 3, 3, 5, 2, 5, 2, 89, 2, 13, 3, 89, 5, 5, 5, 5, 2, 3, 89, 5, 13, 89, 13, 5, 89, 13, 5, 89, 13, 89, 3, 5, 89, 2, 3, 89, 89, 2, 89, 13, 5, 3, 89, 13, 5, 5, 5, 13, 13, 5, 89, 13, 3, 89, 2, 3, 13, 13, 5, 3, 2, 3, 3, 13, 3, 2, 3, 3, 2, 3, 5, 13, 3, 5, 3, 13, 2, 5, 89, 3, 2, 3, 3, 2, 5, 89, 13, 5, 89, 3, 89, 5, 3, 89, 5, 2, 89, 13, 89, 13, 13, 5, 89, 13, 3, 13, 5, 5, 2, 89, 89, 3, 2, 89, 2, 13, 2, 5, 5, 13, 3, 5, 13, 89, 3, 2, 89, 89, 5, 13, 3, 13, 13, 13, 89, 3, 2, 2, 3, 3, 13, 2, 2, 2, 5, 5, 89, 5, 13, 3, 89, 2, 2, 2, 2, 5, 13, 3, 2, 13, 13, 5, 5, 5, 3, 89, 3, 3, 13, 13, 2, 5, 89, 3, 5, 5, 13, 5, 2, 5, 2, 2, 5, 13, 2, 3, 5, 2, 5, 2, 13, 89, 89, 13, 5, 3, 5, 2, 13, 89, 89, 13, 5, 3, 2, 3, 5, 89, 13, 89, 5, 2, 5, 13, 2, 89, 2, 3, 3, 3, 89, 13, 89, 89, 89, 2, 13, 2, 89, 3, 89, 2, 3, 13, 3, 2, 13, 89, 89, 2, 89, 3, 13, 89, 13, 2, 2, 3, 89, 89, 3, 13, 89, 13, 89, 13, 3, 5, 2, 3, 13, 89, 2, 13, 89, 5, 13, 13, 2, 2, 89, 2, 89, 5, 89, 89, 2, 5, 89, 89, 89, 5, 2, 2, 89, 13, 3, 89, 2, 2, 5, 3, 5, 89, 5, 13, 2, 3, 5, 2, 2, 89, 89, 3, 13, 5, 3, 13, 2, 89, 5, 5, 2, 89, 13, 89, 13, 3, 3, 13, 2, 2, 5, 13, 3, 3, 13, 5, 5, 89, 3, 89, 13, 3, 5, 89, 5, 3, 13, 13, 89, 13, 13, 5, 13, 5, 3, 2, 89, 13, 5, 2, 5, 5, 2, 2, 13, 5, 3, 89, 5, 89, 3, 13, 5, 2, 3, 89, 13, 89, 13, 13, 89, 3, 5, 2, 5, 89, 3, 2, 5, 2, 5, 89, 13, 5, 5, 2, 5, 13, 3, 13, 5, 5, 3, 5, 13, 5, 2, 2, 5, 3, 89, 3, 5, 13, 5, 2, 5, 2, 2, 3, 89, 3, 3, 2, 89, 5, 13, 89, 5, 13, 3, 89, 3, 89, 5, 13, 5, 3, 2, 5, 13, 2, 3, 2, 89, 2, 5, 5, 5, 2, 3, 89, 13, 5, 3, 3, 89, 2, 5, 89, 2, 13, 13, 5, 3, 2, 5, 3, 3, 89, 5, 13, 3, 3, 3, 2, 13, 3, 2, 2, 3, 5, 89, 3, 3, 5, 89, 2, 2, 89, 2, 5, 2, 3, 3, 2, 5, 13, 3, 13, 2, 13, 5, 13, 2, 3, 13, 13, 13, 3, 5, 2, 5, 2, 13, 13, 3, 5, 3, 3, 5, 3, 89, 3, 3, 5, 5, 2, 89, 2, 2, 89, 13, 89, 2, 89, 2, 3, 13, 13, 5, 2, 13, 5, 3, 5, 2, 13, 13, 89, 3, 89, 3, 5, 3, 5, 2, 89, 5, 13, 3, 2, 2, 89, 5, 5, 2, 13, 2, 13, 5, 5, 89, 5, 3, 3, 5, 13, 3, 2, 89, 3, 3, 3, 13, 2, 5, 89, 2, 13, 3, 2, 13, 3, 3, 2, 89, 3, 2, 5, 13, 5, 2, 13, 2, 2, 13, 3, 2, 3, 2, 3, 89, 89, 13, 3, 2, 5, 3, 5, 2, 89, 89, 13, 89, 2, 89, 13, 13, 2, 13, 5, 89, 89, 89, 13, 5, 5, 2, 89, 13, 5, 2, 89, 3, 89, 2, 3, 13, 89, 2, 89, 89, 2, 2, 3, 2, 2, 2, 3, 5, 2, 2, 13, 89, 2, 89, 89, 3, 3, 5, 89, 13, 13, 5, 5, 89, 3, 3, 5, 5, 3, 89, 2, 89, 13, 5, 3, 3, 13, 3, 89, 2, 2, 2, 5, 13, 5, 3, 13, 5, 5, 5, 13, 3, 89, 5, 13, 89, 89, 13, 89, 2, 13, 89, 89, 2, 89, 13, 5, 2, 5, 89, 2, 89, 13, 89, 3, 3, 89, 13, 89, 13, 5, 2, 5, 5, 3, 2, 5, 2, 89, 13, 3, 2, 3, 5, 2, 3, 3, 5, 13, 2, 2, 89, 3, 13, 89, 5, 89, 13, 2, 3, 5, 5, 13, 89, 2, 89, 3, 89, 13, 13, 89, 89, 5, 13, 13, 5, 89, 2, 13, 2, 5, 2, 5, 89, 3, 2, 2, 89, 2, 3, 13, 5, 3, 89, 5, 2, 89, 2, 5, 3, 89, 5, 89, 89, 5, 3, 13, 5, 5, 2, 2, 5, 89, 2, 89, 89, 5, 5, 3, 3, 5, 3, 89, 3, 3, 2, 89, 13, 2, 2, 5, 89, 3, 2, 5, 3, 5, 89, 3, 5, 2, 13, 89, 3, 5, 89, 13, 2, 3, 13, 2, 3, 89, 5, 89, 2, 3, 89, 89, 5, 89, 3, 2, 2, 5, 89, 89, 3, 5, 13, 89, 13, 13, 5, 2, 3, 13, 13, 13, 3, 89, 3, 5, 89, 3, 5, 2, 3, 5, 3, 89, 89, 13, 2, 89, 5, 2, 89, 3, 13, 3, 2, 13, 3, 89, 89, 13, 5, 89, 89, 3, 89, 2, 5, 13, 13, 5, 3, 3, 13, 89, 13, 89, 2, 13, 89, 89, 5, 13, 2, 89, 13, 89, 13, 3, 5, 5, 5, 13, 13, 2, 13, 3, 5, 5, 3, 13, 89, 3, 3, 3, 13, 2, 3, 3, 2, 5, 3, 3, 5, 3, 2, 2, 3, 3, 3, 2, 89, 5, 5, 13, 5, 13, 89, 2, 89, 3, 89, 89, 13, 5, 3, 3, 5, 3, 89, 2, 3, 2, 5, 2, 89, 3, 13, 13, 13, 5, 13, 3, 2, 89, 13, 5, 13, 5, 2, 89, 3, 2, 89, 2, 89, 3, 13, 5, 3, 5, 89, 89, 2, 2, 3, 13, 89, 89, 5, 3, 13, 13, 3, 13, 13, 13, 2, 3, 5, 89, 3, 3, 13, 3, 13, 13, 5, 2, 13, 89, 13, 3, 5, 89, 13, 89, 13, 13, 89, 3, 13, 89, 3, 3, 2, 3, 3, 89, 5, 3, 3, 3, 5, 89, 13, 2, 2, 13, 5, 5, 89, 3, 5, 13, 13, 89, 13, 89, 3, 5, 89, 5, 2, 89, 3, 5, 5, 13, 13, 3, 5, 13, 3, 13, 3, 5, 2, 13, 5, 5, 2, 89, 5, 2, 13, 89, 13, 3, 3, 5, 2, 3, 3, 89, 3, 13, 89, 13, 89, 5, 13, 3, 3, 2, 3, 2, 89, 2, 2, 13, 89, 13, 3, 13, 3, 5, 2, 2, 13, 2, 89, 89, 89, 89, 13, 2, 3, 89, 13, 2, 2, 5, 89, 13, 2, 3, 5, 5, 2, 2, 89, 13, 5, 13, 3, 2, 13, 2, 3, 13, 2, 13, 3, 5, 5, 2, 2, 13, 5, 89, 13, 89, 5, 3, 5, 2, 5, 2, 3, 3, 3, 13, 89, 2, 2, 13, 5, 3, 13, 5, 89, 2, 89, 3, 5, 5, 2, 89, 5, 2, 89, 2, 3, 5, 2, 89, 89, 2, 2, 3, 5, 3, 2, 5, 5, 2, 3, 89, 3, 2, 13, 3, 2, 3, 2, 89, 2, 5, 2, 2, 2, 3, 5, 3, 89, 89, 2, 89, 2, 2, 13, 89, 13, 2, 89, 2, 2, 13, 2, 13, 3, 13, 3, 13, 3, 2, 2, 2, 89, 2, 3, 5, 5, 5, 2, 2, 2, 13, 89, 2, 5, 2, 89, 89, 5, 5, 2, 3, 13, 2, 89, 89, 2, 89, 13, 2, 5, 2, 89, 3, 3, 13, 2, 5, 13, 13, 3, 3, 13, 2, 89, 13, 5, 3, 3, 5, 2, 5, 3, 2, 3, 89, 89, 13, 89, 3, 5, 13, 3, 3, 5, 13, 2, 5, 89, 13, 2, 13, 89, 13, 2, 89, 3, 2, 89, 13, 13, 3, 13, 2, 89, 2, 3, 5, 89, 13, 3, 3, 89, 2, 89, 89, 2, 89, 13, 5, 89, 5, 3, 13, 5, 13, 89, 2, 5, 5, 3, 13, 5, 13, 2, 89, 3, 5, 3, 5, 89, 2, 5, 5, 2, 5, 5, 13, 3, 5, 2, 89, 5, 13, 3, 89, 5, 3, 2, 13, 5, 13, 2, 5, 5, 13, 89, 2, 3, 5, 5, 5, 3, 2, 2, 5, 89, 5, 89, 2, 2, 3, 2, 89, 13, 89, 2, 3, 13, 5, 89, 13, 3, 2, 5, 89, 3, 3, 5, 3, 3, 2, 13, 13, 5, 3, 2, 89, 2, 2, 5, 13, 5, 2, 5, 2, 5, 2, 89, 5, 89, 13, 3, 13, 5, 3, 5, 89, 3, 2, 5, 13, 89, 3, 89, 89, 3, 2, 13, 5, 5, 89, 3, 3, 2, 3, 2, 2, 2, 13, 2, 3, 89, 2, 2, 13, 5, 5, 2, 89, 3, 5, 3, 89, 2, 13, 5, 89, 3, 3, 89, 89, 89, 89, 2, 2, 13, 2, 2, 89, 89, 5, 5, 2, 13, 5, 89, 13, 5, 13, 13, 3, 13, 3, 5, 2, 2, 13, 3, 5, 2, 5, 89, 2, 2, 13, 13, 13, 2, 2, 5, 5, 5, 3, 5, 3, 5, 3, 13, 2, 3, 3, 89, 5, 89, 3, 3, 5, 89, 3, 3, 13, 2, 2, 3, 2, 5, 3, 2, 3, 89, 13, 89, 89, 3, 89, 5, 89, 5, 5, 89, 2, 13, 89, 13, 3, 89, 5, 89, 3, 5, 13, 2, 3, 5, 13, 13, 3, 89, 2, 13, 3, 3, 13, 89, 5, 89, 3, 89, 13, 3, 3, 5, 13, 5, 89, 89, 13, 2, 89, 89, 13, 5, 89, 5, 2, 13, 3, 2, 3, 13, 89, 2, 13, 5, 5, 5, 13, 13, 89, 3, 13, 5, 89, 89, 3, 89, 13, 2, 5, 13, 13, 89, 2, 2, 13, 2, 89, 3, 2, 3, 13, 5, 3, 5, 3, 2, 13, 3, 89, 3, 13, 13, 3, 2, 13, 2, 89, 5, 89, 3, 5, 89]

----------------------------------------------------------------------
[4] CAESAR CIPHER (26 shifts)
----------------------------------------------------------------------
  Shift  0 (χ²=18485.87): DKROSOZKXY                                   RATK VGRAK ZU ARVNGHKZOI RKZZKX BGR...
  Shift 12 (χ²=65948.59): RYFCGCNYLM                                   FOHY JUFOY NI OFJBUVYNCW FYNNYL PUF...
  Shift 13 (χ²=73668.12): QXEBFBMXKL                                   ENGX ITENX MH NEIATUXMBV EXMMXK OTE...

----------------------------------------------------------------------
[5] VIGENERE CIPHER (30+ keys)
----------------------------------------------------------------------
  Key 'CICADA' (χ²=53254.98): BCPOPOXCVY                                   OARC TGOAI RS AOVLYFKWOG JIZWKV TER...
  Key 'GEMATRIA' (χ²=57922.38): XGFOZXRKRU                                   FAAT NGLWY ZB JJVHCVKGXA REVNKE KYR...
  Key 'ANALOG' (χ²=61212.52): DXRDEIZXXN                                   DUTX VVDUK MU PDPNTHZLII EKOLEX OGG...

----------------------------------------------------------------------
[6] ATBASH CIPHER
----------------------------------------------------------------------
  χ²=284163.95: Wvornrgvih                                   Ifmv Ezofv gl Zokszyvgrx ovggvi ezofv erz Tvnzgirz Kirn...

----------------------------------------------------------------------
[7] ROT13
----------------------------------------------------------------------
  χ²=73668.12: QXEBFBMXKL                                   ENGX ITENX MH NEIATUXMBV EXMMXK OTENX OBT TXFTMKBT CKBF...

----------------------------------------------------------------------
[8] XOR CIPHER
----------------------------------------------------------------------
  Key 0x00 (χ²=132.43): Delimiters                                   Rune Value to Alphabetic letter val...
  Key 0x07 (χ²=1238.64): Cbknjnsbut'''''''''''''''''''''''''''''''''''Urib'Qfkrb'sh'Fkwofebsnd'kbssbu'qfk...
  Key 0x03 (χ²=4167.89): Gfojnjwfqp###################################Qvmf#Ubovf#wl#Boskbafwj`#ofwwfq#ubo...

----------------------------------------------------------------------
[9] COLUMNAR TRANSPOSITION
----------------------------------------------------------------------
  Key length 2 (χ²=17701.24): DJeIlAiEmOiEtEeMrWsERXuTnHeMVAaSlXuDeTtHoIAOlUpXhMaAbEeStCiEcClAeEtEtAeDrCvGaOlI...
  Key length 3 (χ²=17701.24): DMMeGOlDLiETmAHiNAtGEePWrOAsAERYUuNPnGIePOVSCaOWlENuNGeEHtOWoABAEMlHSpUOhGEaOEbU...
  Key length 4 (χ²=17701.24): DDIYeNAWlGELiHOXmRERiYEBtHMMeAWArGEEsIXORFTEuGHYnCMOeAACVESEaNXOlGDMuJTHeEHAtOIE...

----------------------------------------------------------------------
[10] RAIL FENCE CIPHER
----------------------------------------------------------------------
  Rails 2 (χ²=17701.24): DelimitersRuneValuetoAlphabeticlettervalueviaGematriaPrimusRuneValueToLetterValu...
  Rails 3 (χ²=17701.24): DelimitersRuneValuetoAlphabeticlettervalueviaGematriaPrimusRuneValueToLetterValu...
  Rails 4 (χ²=17701.24): DelimitersRuneValuetoAlphabeticlettervalueviaGematriaPrimusRuneValueToLetterValu...

----------------------------------------------------------------------
[11] AFFINE CIPHER
----------------------------------------------------------------------

----------------------------------------------------------------------
[12] BEAUFORT CIPHER
----------------------------------------------------------------------
  Key 'PSYOP' (χ²=64498.62): MONGDHZUXX                                   YYLK UPHEK WB SNZIPRUVHN HUVWLB DOE...
  Key 'CICADA' (χ²=108212.38): ZERSRSJELI                                   MGPE HASGY PO ASLVIBWKSA XYHKWL NCP...
  Key 'LUPUS' (χ²=120705.37): IQEMGDBLDA                                   UACQ XLJVQ ZX UEFLLTLBKJ JLBZHD UUH...

----------------------------------------------------------------------
[13] PLAYFAIR CIPHER
----------------------------------------------------------------------
  Key 'RUNE' (χ²=38051.13): FNKHLHSAEOARUNZRIEASTRISMRFRPMFIASSAVOEMRNWHZAALZMUHUTUHIAOERURYEMRNSTFYSSNAZRIE...
  Key 'CICADA' (χ²=40144.31): CHMCFWQHQRQTLGXCPQHQNDPOGDCKRDVEHQQHQWCNQKWCXAFLDSMWBNMWPRRQSPCQCNQKOHECSSFQXCPQ...
  Key 'SECRET' (χ²=45488.94): BCKHLHRSCTTQOSNSMQSRNBKQASEWEMRKSRRSSYFHOTWHGFTIGSELDNELGMTCQUSWFHOTEUIRRRSCNSMQ...

----------------------------------------------------------------------
[14] HILL CIPHER (2x2)
----------------------------------------------------------------------
  Key [[6, 25], [1, 15]] (χ²=68.05): Delimiters                                   Rune Value to Alphabetic letter val...
  Key [[3, 3], [2, 5]] (χ²=556.59): JSPGEAPAPIXADKDELKTRCUERBKFEFKJJTRPAOJFVEUJYYCEGLPBWVFBWAENTBXBJFVEUDMZWKFLZDELK...
  Key [[2, 5], [1, 3]] (χ²=745.14): PFTFWELPNTDXTVLFLDVIQMKTVTJHRXDUVILPYZXWOOXVWMEUJMLZDELZOCVQVGLMXWOONJNXOTFELFLD...

----------------------------------------------------------------------
[15] ROT47
----------------------------------------------------------------------
  χ²=152597.56: s6=:>:E6CD                                   #F?6 '2=F6 E@ p=A9236E:4 =6EE6C G2=F6 G:2 v6>2EC:2 !C:>...

----------------------------------------------------------------------
[16] AUTOKEY CIPHER
----------------------------------------------------------------------
  Key 'SECRET' (χ²=108078.53): LAJRIPIEIB                                   YBUL CCKAT RM ASWQOIEBMM DASHSY VIE...
  Key 'CIPHER' (χ²=108043.39): BWWBIRSIVR                                   YBUL CCKAT RM ASWQOIEBMM DASHSY VIE...
  Key 'RUNE' (χ²=101555.63): MKYEAYVARU                                   YBUL UGABK TN HSCOTJCFPT GPAAYC VCJ...

----------------------------------------------------------------------
[17] GRONSFELD CIPHER
----------------------------------------------------------------------
  Key 123 (χ²=125577.38): CCIHKFSCOR                                   PRMC SZJRD RL ZJMGYYDRFB JBSRBQ TXK...
  Key 3301 (χ²=122294.78): ABLHJFTDOP                                   RTKB VZIRE SL XLOEXBDQFC KBQTDO SAK...
  Key 33 (χ²=240087.07): ABIFJFQBOP                                   ORKB SXIRB QL XIMEXYBQFZ IBQQBO SXI...
  Key 17 (χ²=243224.33): CXKBLBSXQL                                   QNMX UTKND MN TKIGTAXSBB EDMSXQ OZE...

----------------------------------------------------------------------
[18] BINARY PATTERN ANALYSIS
----------------------------------------------------------------------

=== BINARY PATTERN ANALYSIS ===
Binary representation (first 200 bits):
01000100 01100101 01101100 01101001 01101101 01101001 01110100 01100101 01110010 01110011 01010010 01110101 01101110 01100101 01010110 01100001 01101100 01110101 01100101 01110100 01101111 01000001 01

1s: 408, 0s: 408
Ratio: 0.500

----------------------------------------------------------------------
[19] FREQUENCY ANALYSIS
----------------------------------------------------------------------

Letter     Count      Frequency 
------------------------------
E          2830       13.82%
O          2202       10.76%
A          1813       8.86%
I          1263       6.17%
T          1147       5.60%
N          1111       5.43%
H          1044       5.10%
G          1036       5.06%
P          657        3.21%
S          618        3.02%
C          606        2.96%
U          598        2.92%
R          594        2.90%
W          585        2.86%
D          579        2.83%
M          558        2.73%
L          557        2.72%
F          554        2.71%
Y          532        2.60%
B          511        2.50%
J          508        2.48%
X          503        2.46%
K          30         0.15%
V          20         0.10%
Q          10         0.05%
Z          7          0.03%

----------------------------------------------------------------------
[20] INDEX OF COINCIDENCE
----------------------------------------------------------------------
  IC = 0.0644 (English ≈ 0.0667)
  → Likely plaintext or simple substitution

======================================================================
                    DECRYPTION COMPLETE
======================================================================
